object frmExMachineID: TfrmExMachineID
  Left = 360
  Top = 234
  BorderIcons = [biSystemMenu, biMinimize]
  Caption = 'ExMachineID'
  ClientHeight = 286
  ClientWidth = 272
  Position = poScreenCenter
  FormFactor.Width = 320
  FormFactor.Height = 480
  FormFactor.Devices = [dkDesktop, dkiPhone, dkiPad]
  Left = 360
  Top = 234
  DesignerMobile = False
  DesignerWidth = 0
  DesignerHeight = 0
  DesignerDeviceName = ''
  DesignerOrientation = 0
  DesignerOSVersion = ''
  object GroupBox1: TGroupBox
    Height = 265.000000000000000000
    Position.X = 8.000000000000000000
    Position.Y = 8.000000000000000000
    Text = ' Machine Info Set '
    Width = 121.000000000000000000
    TabOrder = 0
    object chkUser: TCheckBox
      Height = 17.000000000000000000
      Position.X = 16.000000000000000000
      Position.Y = 16.000000000000000000
      TabOrder = 0
      Text = 'User'
      Width = 65.000000000000000000
    end
    object chkSystem: TCheckBox
      Height = 17.000000000000000000
      Position.X = 16.000000000000000000
      Position.Y = 40.000000000000000000
      TabOrder = 1
      Text = 'System'
      Width = 65.000000000000000000
    end
    object chkNetwork: TCheckBox
      Height = 17.000000000000000000
      Position.X = 16.000000000000000000
      Position.Y = 64.000000000000000000
      TabOrder = 2
      Text = 'Network'
      Width = 73.000000000000000000
    end
    object chkDrives: TCheckBox
      Height = 17.000000000000000000
      Position.X = 16.000000000000000000
      Position.Y = 88.000000000000000000
      TabOrder = 3
      Text = 'Drives'
      Width = 57.000000000000000000
    end
    object ChkCPU: TCheckBox
      Height = 19.000000000000000000
      Position.X = 16.000000000000000000
      Position.Y = 112.000000000000000000
      TabOrder = 4
      Text = 'CPU'
      Width = 89.000000000000000000
    end
    object ChkBIOS: TCheckBox
      Height = 19.000000000000000000
      Position.X = 16.000000000000000000
      Position.Y = 136.000000000000000000
      TabOrder = 5
      Text = 'BIOS'
      Width = 97.000000000000000000
    end
    object ChkWinProd: TCheckBox
      Height = 19.000000000000000000
      Position.X = 16.000000000000000000
      Position.Y = 160.000000000000000000
      TabOrder = 6
      Text = 'Product'
      Width = 97.000000000000000000
    end
    object ChkCryptoID: TCheckBox
      Height = 19.000000000000000000
      Position.X = 16.000000000000000000
      Position.Y = 184.000000000000000000
      TabOrder = 7
      Text = 'CryptoID'
      Width = 97.000000000000000000
    end
    object ChkNetMAC: TCheckBox
      Height = 19.000000000000000000
      Position.X = 16.000000000000000000
      Position.Y = 208.000000000000000000
      TabOrder = 8
      Text = 'Net MAC'
      Width = 97.000000000000000000
    end
    object ChkDomain: TCheckBox
      Height = 19.000000000000000000
      Position.X = 16.000000000000000000
      Position.Y = 232.000000000000000000
      TabOrder = 9
      Text = 'Domain'
      Width = 97.000000000000000000
    end
  end
  object btnGenerate: TButton
    Height = 25.000000000000000000
    Position.X = 147.000000000000000000
    Position.Y = 32.000000000000000000
    TabOrder = 1
    Text = 'Generate'
    Width = 102.000000000000000000
    OnClick = btnGenerateClick
  end
  object edtMachineID: TEdit
    Touch.InteractiveGestures = [igLongTap, igDoubleTap]
    TabOrder = 2
    ReadOnly = True
    Position.X = 144.000000000000000000
    Position.Y = 72.000000000000000000
    Width = 113.000000000000000000
    Height = 21.000000000000000000
    KillFocusByReturn = False
  end
end
